Python 3.7.2rc1 (tags/v3.7.2rc1:75a402a217, Dec 11 2018, 23:05:39) [MSC v.1916 64 bit (AMD64)] on win32
Type "help", "copyright", "credits" or "license()" for more information.
>>> 
======== RESTART: C:\Users\Ben\PycharmProjects\nlp\seminarextract.py ========
Loading model, please wait. (This may take a while)
Model loaded
{   'art': [0, 12, 25, 28, 121, 123, 139, 141, 142, 175, 210, 219, 235, 315],
    'humanities': {   'language': [   5,
                                      36,
                                      47,
                                      58,
                                      65,
                                      212,
                                      220,
                                      236,
                                      237,
                                      239,
                                      256,
                                      266,
                                      294,
                                      295,
                                      367,
                                      369,
                                      370,
                                      371,
                                      423,
                                      430,
                                      435,
                                      458,
                                      477],
                      'politics': [31, 113, 119, 229, 258, 278, 407]},
    'misc': [   1,
                6,
                16,
                27,
                35,
                57,
                60,
                62,
                71,
                97,
                101,
                105,
                115,
                128,
                134,
                135,
                143,
                152,
                154,
                155,
                158,
                159,
                167,
                168,
                170,
                173,
                180,
                181,
                182,
                200,
                217,
                234,
                238,
                242,
                254,
                268,
                288,
                296,
                301,
                319,
                321,
                332,
                359,
                360,
                361,
                363,
                365,
                377,
                382,
                395,
                397,
                401,
                424,
                425,
                433,
                441,
                448,
                455,
                465,
                469,
                474],
    'science': {   'biology': {   'environmental': [   26,
                                                       76,
                                                       77,
                                                       81,
                                                       86,
                                                       89,
                                                       91,
                                                       93,
                                                       96,
                                                       104,
                                                       107,
                                                       118,
                                                       153,
                                                       157,
                                                       165,
                                                       213,
                                                       225,
                                                       226,
                                                       329,
                                                       330,
                                                       342,
                                                       484]},
                   'chemistry': {   'inorganic': [8, 18, 87, 88, 90, 442],
                                    'organic': [   15,
                                                   67,
                                                   109,
                                                   247,
                                                   249,
                                                   253,
                                                   356,
                                                   386]},
                   'computer science': {   'ai': [   82,
                                                     108,
                                                     138,
                                                     140,
                                                     161,
                                                     201,
                                                     209,
                                                     218,
                                                     286,
                                                     336,
                                                     350,
                                                     422,
                                                     463],
                                           'algorithms': [   32,
                                                             132,
                                                             214,
                                                             232,
                                                             251,
                                                             267,
                                                             283,
                                                             287,
                                                             298,
                                                             300,
                                                             303,
                                                             304,
                                                             311,
                                                             326,
                                                             331,
                                                             343,
                                                             344,
                                                             346,
                                                             362,
                                                             364,
                                                             374,
                                                             394,
                                                             398,
                                                             418,
                                                             420,
                                                             457,
                                                             464,
                                                             467,
                                                             468],
                                           'architecture': [   11,
                                                               23,
                                                               146,
                                                               156,
                                                               183,
                                                               197,
                                                               223,
                                                               227,
                                                               261,
                                                               277,
                                                               290,
                                                               291,
                                                               431,
                                                               470],
                                           'cyber security': [],
                                           'graphics': [   24,
                                                           39,
                                                           53,
                                                           63,
                                                           74,
                                                           85,
                                                           208,
                                                           265,
                                                           280,
                                                           284,
                                                           308,
                                                           316,
                                                           323,
                                                           327,
                                                           340,
                                                           355,
                                                           372,
                                                           383,
                                                           400,
                                                           410,
                                                           426,
                                                           447,
                                                           450],
                                           'hci': [   14,
                                                      69,
                                                      73,
                                                      102,
                                                      103,
                                                      164,
                                                      198,
                                                      199,
                                                      202,
                                                      203,
                                                      204,
                                                      205,
                                                      206,
                                                      207,
                                                      354,
                                                      358,
                                                      392,
                                                      399,
                                                      454],
                                           'robotics': [   7,
                                                           17,
                                                           30,
                                                           46,
                                                           50,
                                                           70,
                                                           122,
                                                           255,
                                                           289,
                                                           293,
                                                           305,
                                                           307,
                                                           309,
                                                           312,
                                                           313,
                                                           318,
                                                           324,
                                                           325,
                                                           333,
                                                           334,
                                                           335,
                                                           338,
                                                           341,
                                                           351,
                                                           352,
                                                           357,
                                                           379,
                                                           384,
                                                           388,
                                                           391,
                                                           402,
                                                           452,
                                                           456,
                                                           466],
                                           'software engineering': [],
                                           'supercomputing': [   10,
                                                                 34,
                                                                 94,
                                                                 124,
                                                                 148,
                                                                 172,
                                                                 187,
                                                                 188,
                                                                 189,
                                                                 245,
                                                                 250,
                                                                 302,
                                                                 396,
                                                                 408,
                                                                 413,
                                                                 415,
                                                                 439,
                                                                 440,
                                                                 459,
                                                                 460],
                                           'systems': [   37,
                                                          59,
                                                          80,
                                                          110,
                                                          111,
                                                          112,
                                                          116,
                                                          126,
                                                          131,
                                                          160,
                                                          162,
                                                          163,
                                                          222,
                                                          230,
                                                          246,
                                                          263,
                                                          279,
                                                          282,
                                                          292,
                                                          297,
                                                          306,
                                                          310,
                                                          322,
                                                          337,
                                                          345,
                                                          348,
                                                          378,
                                                          381,
                                                          405,
                                                          414,
                                                          416,
                                                          427,
                                                          472,
                                                          475],
                                           'virtual reality': []},
                   'physics': {'nuclear': [72, 100]},
                   'social science': {   'gender studies': {   'women': [   4,
                                                                            22,
                                                                            29,
                                                                            33,
                                                                            150,
                                                                            190,
                                                                            191,
                                                                            192,
                                                                            193,
                                                                            194,
                                                                            195,
                                                                            244,
                                                                            269,
                                                                            270,
                                                                            271,
                                                                            272,
                                                                            273,
                                                                            274,
                                                                            275,
                                                                            276]},
                                         'psychology': [   2,
                                                           3,
                                                           19,
                                                           20,
                                                           92,
                                                           95,
                                                           120,
                                                           125,
                                                           127,
                                                           129,
                                                           145,
                                                           149,
                                                           151,
                                                           166,
                                                           171,
                                                           178,
                                                           179,
                                                           184,
                                                           185,
                                                           186,
                                                           196,
                                                           231,
                                                           233,
                                                           317,
                                                           339,
                                                           366,
                                                           389,
                                                           411,
                                                           412,
                                                           453,
                                                           476,
                                                           480,
                                                           482]}}}
>>> 